[gd_scene load_steps=9 format=2]

[ext_resource path="res://scenes/Fist.tscn" type="PackedScene" id=1]
[ext_resource path="res://scenes/Arrow.tscn" type="PackedScene" id=2]
[ext_resource path="res://scripts/Fist.py" type="Script" id=3]
[ext_resource path="res://scripts/Arrow.py" type="Script" id=4]
[ext_resource path="res://scripts/Main.py" type="Script" id=5]

[sub_resource type="BoxShape" id=1]
extents = Vector3( 60, 1, 60 )

[sub_resource type="SpatialMaterial" id=3]
albedo_color = Color( 0.690196, 0.27451, 0.027451, 1 )

[sub_resource type="CubeMesh" id=2]
material = SubResource( 3 )
size = Vector3( 60, 2, 60 )

[node name="Main" type="Node"]
script = ExtResource( 5 )

[node name="Ground" type="StaticBody" parent="."]
transform = Transform( 1, 0, 0, 0, 1, 0, 0, 0, 1, 0, -1, 0 )

[node name="CollisionShape" type="CollisionShape" parent="Ground"]
shape = SubResource( 1 )

[node name="MeshInstance" type="MeshInstance" parent="Ground"]
mesh = SubResource( 2 )
material/0 = null

[node name="DirectionalLight" type="DirectionalLight" parent="."]
transform = Transform( 1, 0, 0, 0, -0.198564, 0.980088, 0, -0.980088, -0.198564, 0, 4.32466, 0 )
shadow_enabled = true

[node name="CameraPivot" type="Position3D" parent="."]
transform = Transform( 1, 0, 0, 0, 1, 0, 0, 0, 1, 0, 0.766274, 1.42605 )

[node name="Camera" type="Camera" parent="CameraPivot"]
transform = Transform( 1, 0, 0, 0, 0.928932, 0.370249, 0, -0.370249, 0.928932, 0, 0, -0.481971 )

[node name="Fist" parent="." instance=ExtResource( 1 )]
transform = Transform( 0.822889, 0, -0.568203, 0, 1, 0, 0.568203, 0, 0.822889, 0.100057, 0.64, 0.818333 )
script = ExtResource( 3 )

[node name="ArrowPivot" type="Position3D" parent="."]
transform = Transform( 0.05, 0, 0, 0, 0.05, 0, 0, 0, 0.05, 0, 0.25, -0.0756877 )
script = ExtResource( 4 )

[node name="Arrow" parent="ArrowPivot" instance=ExtResource( 2 )]
transform = Transform( 2, 0, 0, 0, 2, 0, 0, 0, 2, 0.0110544, -0.110736, -2.21376 )
