[gd_scene load_steps=7 format=2]

[ext_resource path="res://scenes/Fist.tscn" type="PackedScene" id=1]
[ext_resource path="res://scenes/Arrow.tscn" type="PackedScene" id=2]
[ext_resource path="res://scripts/Fist.py" type="Script" id=3]

[sub_resource type="BoxShape" id=1]
extents = Vector3( 60, 1, 60 )

[sub_resource type="SpatialMaterial" id=3]
albedo_color = Color( 0.690196, 0.27451, 0.027451, 1 )

[sub_resource type="CubeMesh" id=2]
material = SubResource( 3 )
size = Vector3( 60, 2, 60 )

[node name="Main" type="Node"]

[node name="Ground" type="StaticBody" parent="."]
transform = Transform( 1, 0, 0, 0, 1, 0, 0, 0, 1, 0, -2, 0 )

[node name="CollisionShape" type="CollisionShape" parent="Ground"]
shape = SubResource( 1 )

[node name="MeshInstance" type="MeshInstance" parent="Ground"]
mesh = SubResource( 2 )
material/0 = null

[node name="DirectionalLight" type="DirectionalLight" parent="."]
transform = Transform( 1, 0, 0, 0, -0.541576, 0.840652, 0, -0.840652, -0.541576, 0, 4.32466, 0 )
shadow_enabled = true

[node name="CameraPivot" type="Position3D" parent="."]
transform = Transform( 1, 0, 0, 0, 1, 0, 0, 0, 1, 0, 0.766274, 1.42605 )

[node name="Camera" type="Camera" parent="CameraPivot"]
transform = Transform( 1, 0, 0, 0, 0.928932, 0.370249, 0, -0.370249, 0.928932, 0, 0, -0.481971 )

[node name="Fist" parent="." instance=ExtResource( 1 )]
transform = Transform( 0.822889, 0, -0.568203, 0, 1, 0, 0.568203, 0, 0.822889, 0.100057, 0.64, 0.818333 )
script = ExtResource( 3 )

[node name="Arrow" parent="." instance=ExtResource( 2 )]
transform = Transform( -8.74228e-09, 0, -0.2, 0, 0.2, 0, 0.2, 0, -8.74228e-09, 0.173164, 0.473771, 0 )
